"DESCRIPTION","DURATION IN MS","NAME","PARENT SUITE","START TIME","STATUS","STOP TIME","SUB SUITE","SUITE","TEST CLASS","TEST METHOD"
"","","Install @playwright/test and configure playwright.config.ts with chromium only","","","passed","","","e21 - Testing and Quality Hardening","e21s01 - Playwright E2E suite",""
"","","Fail closed: in auth.Middleware, if claims.OrgID == 0 return 403 {\""error\"":\""no organization\""} (after email-verify check). Existing tokens without org are forced to re-auth.
","","","passed","","","e29 - Security Vulnerability Fixes (2026-06 audit)","e29s02 - Wire org-ID into request context (activate dead multi-tenant isolation)",""
"","","Write tests for auth.handleGoogleOAuth (30%), auth.handleGoogleCallback (43%)","","","passed","","","e21 - Testing and Quality Hardening","e21s04 - Coverage gates",""
"","","POST /api/scaffold/db, repo, function endpoints","","","passed","","","e22 - Developer Experience","e22s02 - 1-click scaffolding API",""
"","","Token-bucket rate limiter per IP and per user","","","passed","","","e19 - Security Hardening","e19s01 - Rate limiting middleware",""
"","","Register list_frameworks tool — frameworks BigBase supports with maturity level","","","passed","","","e38 - MCP Server — Agent-Native Platform Education","e38s02 - Platform Knowledge Tools — service catalog, docs, code examples",""
"","","Register list_services tool — return catalog of BigBase services with capabilities and status","","","passed","","","e38 - MCP Server — Agent-Native Platform Education","e38s02 - Platform Knowledge Tools — service catalog, docs, code examples",""
"","","Rust CI template in get_ci_template(app_type='rust')","","","passed","","","e81 - Multi-Language Deploy — Rust, PHP, Java, Ruby","e81s01 - Rust runtime support",""
"","","Register deploy_site tool — trigger a deployment from a repo+branch","","","passed","","","e38 - MCP Server — Agent-Native Platform Education","e38s03 - Deploy Workflow Tools — repo listing, deploy trigger, status, logs",""
"","","Three sample repos and POST /api/samples/:name/deploy","","","passed","","","e22 - Developer Experience","e22s04 - Sample apps with deploy buttons",""
"","","Dashboard checklist card with progress tracking","","","passed","","","e22 - Developer Experience","e22s01 - Onboarding checklist UI",""
"","","Add --db-driver and --db-dsn flags; db.New selects driver","","","passed","","","e18 - Multi-DB Support (PostgreSQL)","e18s03 - Config-based driver selection",""
"","","Bulk import/export env vars","","","passed","","","e41 - Deploy — Environment Variables UI","e41s02 - Admin UI — environment variables management page",""
"","","Inline YAML editor with validation and save","","","passed","","","e40 - Deploy — App Manifest (bigbase.yaml)","e40s03 - Admin UI — view and edit bigbase.yaml from site settings",""
"","","Extend /health with per-component status map including name, version, running, deps, hooks for each","","","passed","","","e24 - Wire Observability","e24s03 - Per-component health",""
"","","Implement HTTP/SSE transport — hosted at mcp.bigbase.click","","","passed","","","e38 - MCP Server — Agent-Native Platform Education","e38s01 - MCP Server Foundation — stdio + HTTP transport, tools registry",""
"","","Schedule loop: execute functions with trigger=schedule according to their schedule field (cron syntax via robfig/cron)","","","passed","","","e30 - Backend for Bots & Integrations","e30s01 - Functions Runtime — fetch, db, request context, env, schedule",""
"","","Register get_code_example tool — framework-specific integration snippets","","","passed","","","e38 - MCP Server — Agent-Native Platform Education","e38s02 - Platform Knowledge Tools — service catalog, docs, code examples",""
"","","DetectAppType identifies Go/Node/Python/Static","","","passed","","","e13 - Deploy — Build & Run Web Apps","e13s01 - Web app build and deployment from git repos",""
"","","GitHub App OAuth flow for repo access","","","passed","","","e15 - Sites — Deploy from GitHub Journey","e15s01 - GitHub App auth, repo listing, one-click deploy",""
"","","Verified test PR #37 receives PR-Agent review with DeepSeek","","","passed","","","e55 - DX — Automated PR Code Review via PR-Agent + DeepSeek","e55s03 - Validate end-to-end: open test PR and confirm review appears",""
"","","Add allowlist config for fetch hosts — default deny-all, configurable via Function.Env or global config","","","passed","","","e30 - Backend for Bots & Integrations","e30s01 - Functions Runtime — fetch, db, request context, env, schedule",""
"","","In main.go add a small bridge middleware orgBridge(next) that reads auth.OrgIDFromContext and, when present, wraps ctx with api.WithOrgID; apply it to protectedAPI only (/api/collections/, /api/sql). Reason for depth: the bridge is the one allowed seam between two packages' private context keys.
","","","passed","","","e29 - Security Vulnerability Fixes (2026-06 audit)","e29s02 - Wire org-ID into request context (activate dead multi-tenant isolation)",""
"","","New Relic MCP server config for real-time monitoring queries","","","passed","","","e54 - New Relic Integration — Application and Server Monitoring","e54s04 - VPS Infrastructure Agent + MCP Access",""
"","","Add rollback table migration + API endpoint POST /api/sites/:id/rollback","","","passed","","","e44 - Deploy — One-Click Rollback","e44s01 - Backend — rollback to previous successful deployment",""
"","","Path traversal regression test — verify filepath.Clean + containment in engine.go, gateway.go, git.go reject ../ patterns","","","passed","","","e81 - Multi-Language Deploy — Rust, PHP, Java, Ruby","e81s06 - Security regression tests — bug registry gaps",""
"","","Configure PR-Agent with BigBase-specific reviewer instructions, DeepSeek V4 Pro model","","","passed","","","e55 - DX — Automated PR Code Review via PR-Agent + DeepSeek","e55s02 - Add .pr_agent.toml config tuned for BigBase conventions",""
"","","Register get_service_docs tool — detailed documentation for a specific service","","","passed","","","e38 - MCP Server — Agent-Native Platform Education","e38s02 - Platform Knowledge Tools — service catalog, docs, code examples",""
"","","Enhance admin UI status timeline — animations, polling, Live badge","","","passed","","","e39 - Deploy — Streaming Build Logs & State Machine","e39s02 - Deployment state machine — pending -> building -> deploying -> running/failed",""
"","","Inject `env` object into jsRuntime — read-only snapshot of Function.Env key-value pairs","","","passed","","","e30 - Backend for Bots & Integrations","e30s01 - Functions Runtime — fetch, db, request context, env, schedule",""
"","","Serve old build artifacts on rollback (no rebuild)","","","passed","","","e44 - Deploy — One-Click Rollback","e44s01 - Backend — rollback to previous successful deployment",""
"","","Implement stdio transport — local agent use via pipe","","","passed","","","e38 - MCP Server — Agent-Native Platform Education","e38s01 - MCP Server Foundation — stdio + HTTP transport, tools registry",""
"","","GET /api/monitoring/metrics/stream SSE every 5s","","","passed","","","e25 - Hardware Monitoring","e25s02 - Real-time metrics SSE",""
"","","Add draining and stopped states to state machine","","","passed","","","e45 - Deploy — Zero-Downtime Drain","e45s01 - Graceful connection draining on deployment switchover",""
"","","In handleGoogleOAuth (~599): after generateID(), set cookie oauth_state = signState(state, a.secret) with HttpOnly, Path=/, SameSite=Lax, Secure=(r.TLS!=nil), MaxAge=600; keep sending the raw state in the Google URL.
","","","passed","","","e29 - Security Vulnerability Fixes (2026-06 audit)","e29s01 - Fix OAuth state CSRF — validate state in Google callback",""
"","","Create benchmark for storage.sanitizeFilename, storage.detectMIME in tests/bench/bench_storage_test.go","","","passed","","","e21 - Testing and Quality Hardening","e21s03 - Performance benchmarks",""
"","","Scope results to the caller's org: reject queries whose target tables carry an org_id column unless an org filter is enforced; simplest concrete form — wrap the user query as SELECT * FROM (<q>) WHERE org_id = ? when the result set exposes org_id, else allow only sqlite_master/PRAGMA introspection.
","","","passed","","","e29 - Security Vulnerability Fixes (2026-06 audit)","e29s03 - Restrict /api/sql to admin and scope to caller's org",""
"","","POST /api/auth/login returns JWT","","","passed","","","e04 - Auth — Register, Login, JWT","e04s01 - Email/password register and login with JWT",""
"","","Rollback history timeline on site detail page","","","passed","","","e44 - Deploy — One-Click Rollback","e44s02 - Admin UI — rollback button and history",""
"","","Define bigbase.yaml schema with fields for build_command, start_command, port, env, framework, publish_dir","","","passed","","","e40 - Deploy — App Manifest (bigbase.yaml)","e40s01 - Manifest parsing — detect bigbase.yaml in repo root, extract config",""
"","","Admin UI: add draining and stopped to DeploymentStatus type","","","passed","","","e45 - Deploy — Zero-Downtime Drain","e45s02 - Proxy integration — smooth traffic migration",""
"","","Provider interface supports pluggable backends","","","passed","","","e12 - Messaging — Email, SMS, Push","e12s01 - Email/SMS/Push endpoints with provider interface",""
"","","Expose api role access: read role via a shared context. Add auth.RequireAdmin(next) middleware that 403s when UserRoleFromContext != admin; apply it to the /api/sql route in main.go. Reason for depth: reusable admin gate, mirrors existing handleUserByID role check.
","","","passed","","","e29 - Security Vulnerability Fixes (2026-06 audit)","e29s03 - Restrict /api/sql to admin and scope to caller's org",""
"","","Detect composer.json in repo root","","","passed","","","e81 - Multi-Language Deploy — Rust, PHP, Java, Ruby","e81s02 - PHP runtime support",""
"","","CONVENTIONS.md and AGENTS.md present","","","passed","","","e16 - Developer Onboarding Journey","e16s01 - Onboarding flow: signup → create project → deploy sample",""
"","","Admin UI: update SiteDetailPage test for new statuses","","","passed","","","e45 - Deploy — Zero-Downtime Drain","e45s02 - Proxy integration — smooth traffic migration",""
"","","Add DEEPSEEK_API_KEY secret to GitHub repo","","","passed","","","e55 - DX — Automated PR Code Review via PR-Agent + DeepSeek","e55s01 - Add PR-Agent GitHub Action workflow with DeepSeek",""
"","","Add 'Request Logs' tab to SiteDetailPage with a filterable table showing method, path, status badge, duration, and timestamp; support filter by status class and path search","","","passed","","","e27 - Site Request Logs","e27s03 - Request logs tab on SiteDetailPage",""
"","","Add CRUD HTTP handlers: POST /api/orgs, GET /api/orgs, GET /api/orgs/{id}, PATCH /api/orgs/{id}, DELETE /api/orgs/{id} — only owner can update/delete","","","passed","","","e23 - Multi-Tenancy and Organizations","e23s01 - Organization CRUD",""
"","","Add CLI flags: --newrelic-license-key, --newrelic-app-name, --newrelic-enabled","","","passed","","","e54 - New Relic Integration — Application and Server Monitoring","e54s01 - New Relic Go Agent Initialization",""
"","","GET /api/sites/:id/logs — return paginated request logs for a site with optional filters: status (2xx/4xx/5xx), path prefix, date range, limit (default 100, max 500)","","","passed","","","e27 - Site Request Logs","e27s02 - Request logs API endpoint",""
"","","Write tests for deploy.startApp (0% coverage) with mock server","","","passed","","","e21 - Testing and Quality Hardening","e21s04 - Coverage gates",""
"","","Register list_repos tool — list git repos available for deployment","","","passed","","","e38 - MCP Server — Agent-Native Platform Education","e38s03 - Deploy Workflow Tools — repo listing, deploy trigger, status, logs",""
"","","Integration: callback with valid code but no/wrong state cookie returns 400 and sets NO token cookie (use existing googleVerifier stub pattern).
","","","passed","","","e29 - Security Vulnerability Fixes (2026-06 audit)","e29s01 - Fix OAuth state CSRF — validate state in Google callback",""
"","","Write E2E sites test — list sites, navigate to create flow","","","passed","","","e21 - Testing and Quality Hardening","e21s01 - Playwright E2E suite",""
"","","Test: proxy routing atomic host replacement during drain","","","passed","","","e45 - Deploy — Zero-Downtime Drain","e45s02 - Proxy integration — smooth traffic migration",""
"","","Event bus mutations broadcast to subscribers","","","passed","","","e11 - Realtime — WebSocket & Event Broadcast","e11s01 - WebSocket subscriptions with mutation event broadcasting",""
"","","Add rust/php/java/ruby to AllAppTypes()","","","passed","","","e81 - Multi-Language Deploy — Rust, PHP, Java, Ruby","e81s05 - Deploy profiles & bigbase.toml for new runtimes",""
"","","Add --manifest flag to deploy command to use a specific manifest path","","","passed","","","e40 - Deploy — App Manifest (bigbase.yaml)","e40s02 - bigbase init CLI — generate default manifest for detected framework",""
"","","Fix TestDeployStopShutsDownStaticServer port race","","","passed","","","e75 - Deploy Hardening — Log Eviction + Flaky Tests","e75s02 - Fix three flaky tests in deploy component",""
"","","Add fuzz target for storage.sanitizeFilename in tests/bench/fuzz_storage_test.go","","","passed","","","e21 - Testing and Quality Hardening","e21s05 - Race detection and fuzz targets",""
"","","UI: per-site Cache tab on SiteDetailPage","","","passed","","","e42 - Deploy — Build Cache","e42s02 - Admin UI — cache management",""
"","","POST /api/storage/upload accepts multipart file","","","passed","","","e06 - Storage + Appwrite Look & Feel","e06s01 - File upload/download/delete with MIME detection",""
"","","CPU/memory charts, disk gauge, network sparkline on MonitoringPage","","","passed","","","e25 - Hardware Monitoring","e25s03 - Monitoring page charts",""
"","","Configurable alert rules and admin UI configuration","","","passed","","","e25 - Hardware Monitoring","e25s05 - Alerting rules",""
"","","Create nrDatastoreSegment helper wrapping query context in DatastoreSegment","","","passed","","","e54 - New Relic Integration — Application and Server Monitoring","e54s03 - Instrument Database Segment Tracing",""
"","","Create benchmark for auth.hashPassword, auth.verifyJWT in tests/bench/bench_auth_test.go","","","passed","","","e21 - Testing and Quality Hardening","e21s03 - Performance benchmarks",""
"","","resumeCandidates builds Specs from running rows and calls Supervisor.Run; host guaranteed registered on resume","","","passed","","","e53 - Deploy — Process Supervisor (Runner/Instance seam)","e53s04 - Unify boot paths — triggerDeploy and resume both funnel through Supervisor.Run(spec)",""
"","","Command injection regression test — verify -- separator in git clone/fetch prevents arg injection","","","passed","","","e81 - Multi-Language Deploy — Rust, PHP, Java, Ruby","e81s06 - Security regression tests — bug registry gaps",""
"","","Integrate drain into runDeployment lifecycle","","","passed","","","e45 - Deploy — Zero-Downtime Drain","e45s01 - Graceful connection draining on deployment switchover",""
"","","Add 'Logs' tab to SiteDetailPage that fetches GET /api/deployments/:id/logs for the active deployment and renders lines in a terminal-style <pre> block with auto-scroll","","","passed","","","e26 - Site Build Logs UI","e26s01 - Build logs tab on SiteDetailPage",""
"","","GET /api/orgs/:id/usage with admin UI charts","","","passed","","","e23 - Multi-Tenancy and Organizations","e23s05 - Usage tracking per org",""
"","","AppType.IsValid() regression test — verify known types valid, unknown types invalid","","","passed","","","e81 - Multi-Language Deploy — Rust, PHP, Java, Ruby","e81s06 - Security regression tests — bug registry gaps",""
"","","Build with mvn package -DskipTests or gradle build -x test","","","passed","","","e81 - Multi-Language Deploy — Rust, PHP, Java, Ruby","e81s03 - Java runtime support",""
"","","Register deploy_guide tool — step-by-step deployment workflow for agents","","","passed","","","e38 - MCP Server — Agent-Native Platform Education","e38s03 - Deploy Workflow Tools — repo listing, deploy trigger, status, logs",""
"","","React 19 + Vite SPA served at /admin/","","","passed","","","e05 - Admin UI — Dashboard","e05s01 - SPA admin dashboard with collection browser",""
"","","Implement drainDeployment() — graceful SIGTERM + timeout + force-kill","","","passed","","","e45 - Deploy — Zero-Downtime Drain","e45s01 - Graceful connection draining on deployment switchover",""
"","","Final verification — full preflight green including coverage","","","passed","","","e21 - Testing and Quality Hardening","e21s04 - Coverage gates",""
"","","Add WebSocket endpoint GET /api/deployments/:id/logs/stream that streams build log lines in real-time as the build progresses","","","passed","","","e39 - Deploy — Streaming Build Logs & State Machine","e39s01 - Real-time log streaming — WebSocket endpoint for build logs",""
"","","Create TerminalLogViewer and replace BuildLogs in SiteDetailPage","","","passed","","","e39 - Deploy — Streaming Build Logs & State Machine","e39s03 - Terminal-style live log viewer in admin UI",""
"","","Install PHP 8.x + composer on Contabo VPS","","","passed","","","e81 - Multi-Language Deploy — Rust, PHP, Java, Ruby","e81s00 - VPS runtime installation — Rust, PHP, Java, Ruby",""
"","","Deprecate old BuildLogs — remove export, clean up index","","","passed","","","e39 - Deploy — Streaming Build Logs & State Machine","e39s03 - Terminal-style live log viewer in admin UI",""
"","","Add concurrent eventbus emit+subscribe race test in kernel/eventbus_test.go","","","passed","","","e21 - Testing and Quality Hardening","e21s05 - Race detection and fuzz targets",""
"","","POST /api/functions/:id/run executes function","","","passed","","","e10 - Functions — Serverless JS Runtime","e10s01 - JavaScript function CRUD and execution via goja",""
"","","Ruby CI template in get_ci_template(app_type='ruby')","","","passed","","","e81 - Multi-Language Deploy — Rust, PHP, Java, Ruby","e81s04 - Ruby runtime support",""
"","","Test: ConnectionDrain — drain timeout, smooth transition, force-kill fallback","","","passed","","","e45 - Deploy — Zero-Downtime Drain","e45s01 - Graceful connection draining on deployment switchover",""
"","","Install Ruby 3.x + bundler on Contabo VPS","","","passed","","","e81 - Multi-Language Deploy — Rust, PHP, Java, Ruby","e81s00 - VPS runtime installation — Rust, PHP, Java, Ruby",""
"","","Detect pom.xml or build.gradle in repo root","","","passed","","","e81 - Multi-Language Deploy — Rust, PHP, Java, Ruby","e81s03 - Java runtime support",""
"","","On the success path, clear the oauth_state cookie (MaxAge=-1) right before setting the token cookie.
","","","passed","","","e29 - Security Vulnerability Fixes (2026-06 audit)","e29s01 - Fix OAuth state CSRF — validate state in Google callback",""
"","","go run . version prints version string","","","passed","","","e01 - CLI — BigBase Breathes","e01s01 - CLI binary with version and help commands",""
"","","Replace random map iteration in initDeployLogs with a deterministic FIFO eviction policy","","","passed","","","e75 - Deploy Hardening — Log Eviction + Flaky Tests","e75s01 - Deterministic log eviction — replace random map iteration with FIFO",""
"","","Test: DrainLifecycle — full lifecycle with drain phase","","","passed","","","e45 - Deploy — Zero-Downtime Drain","e45s01 - Graceful connection draining on deployment switchover",""
"","","Table-driven isolation test in api: seed records for org A and org B; assert a ctx with org A's id cannot list/get/update/delete org B's record (list excludes them, get/update/delete return 403/404).
","","","passed","","","e29 - Security Vulnerability Fixes (2026-06 audit)","e29s02 - Wire org-ID into request context (activate dead multi-tenant isolation)",""
"","","Ensure SvelteKit SSR start command works via GetStartCommand","","","passed","","","e37 - SvelteKit Deployment — static (adapter-static) & SSR (adapter-node)","e37s01 - SvelteKit static and SSR deployment from git repos",""
"","","PHP CI template in get_ci_template(app_type='php')","","","passed","","","e81 - Multi-Language Deploy — Rust, PHP, Java, Ruby","e81s02 - PHP runtime support",""
"","","POST /api/messaging/email sends email","","","passed","","","e12 - Messaging — Email, SMS, Push","e12s01 - Email/SMS/Push endpoints with provider interface",""
"","","Register in kernel — component discovery + lifecycle hooks","","","passed","","","e38 - MCP Server — Agent-Native Platform Education","e38s01 - MCP Server Foundation — stdio + HTTP transport, tools registry",""
"","","POST /api/sites/:id/domains with DNS TXT verification and TLS","","","passed","","","e20 - Platform Operations","e20s04 - Custom domains for Sites",""
"","","Build with cargo build --release","","","passed","","","e81 - Multi-Language Deploy — Rust, PHP, Java, Ruby","e81s01 - Rust runtime support",""
"","","Manifest path traversal regression test — verify LoadManifestPath rejects absolute paths and ../ escapes","","","passed","","","e81 - Multi-Language Deploy — Rust, PHP, Java, Ruby","e81s06 - Security regression tests — bug registry gaps",""
"","","Extract shared DBer interface into kernel/dber.go","","","passed","","","e18 - Multi-DB Support (PostgreSQL)","e18s01 - Extract shared DBer interface",""
"","","Run JAR/ uber-jar via java -jar","","","passed","","","e81 - Multi-Language Deploy — Rust, PHP, Java, Ruby","e81s03 - Java runtime support",""
"","","POST /api/functions creates JS function","","","passed","","","e10 - Functions — Serverless JS Runtime","e10s01 - JavaScript function CRUD and execution via goja",""
"","","Initialize newrelic.Application in main.go serve command with env var mapping","","","passed","","","e54 - New Relic Integration — Application and Server Monitoring","e54s01 - New Relic Go Agent Initialization",""
"","","Detect Gemfile in repo root","","","passed","","","e81 - Multi-Language Deploy — Rust, PHP, Java, Ruby","e81s04 - Ruby runtime support",""
"","","GET /api/monitoring/processes for BigBase and child processes","","","passed","","","e25 - Hardware Monitoring","e25s04 - Process-level monitoring",""
"","","POST /api/sites creates site from GitHub repo","","","passed","","","e15 - Sites — Deploy from GitHub Journey","e15s01 - GitHub App auth, repo listing, one-click deploy",""
"","","org_id scoping on all resources; cross-org returns 403","","","passed","","","e23 - Multi-Tenancy and Organizations","e23s03 - Resource isolation",""
"","","Write tests for kernel.eventbus.Emit (0%), kernel.eventbus.Subscribe (44%)","","","passed","","","e21 - Testing and Quality Hardening","e21s04 - Coverage gates",""
"","","Backend: cache management methods + HTTP endpoints in deploy component","","","passed","","","e42 - Deploy — Build Cache","e42s02 - Admin UI — cache management",""
"","","components/webhooks with retry and exponential backoff","","","passed","","","e20 - Platform Operations","e20s05 - Outbound webhook system",""
"","","Register 3 MCP tools in NewMCPServer()","","","skipped","","","e83 - MCP Tools — Site-Scoped Environment Variables","e83s01 - MCP tools for site-scoped env var CRUD",""
"","","Wire coverage gate (≥80%) into preflight as npm run preflight:coverage, exclude vendored ui/node_modules","","","passed","","","e21 - Testing and Quality Hardening","e21s04 - Coverage gates",""
"","","Build with composer install --no-dev","","","passed","","","e81 - Multi-Language Deploy — Rust, PHP, Java, Ruby","e81s02 - PHP runtime support",""
"","","SSL certificate status dashboard","","","passed","","","e46 - Infra — Custom Domains & Auto SSL","e46s03 - Admin UI — custom domain management",""
"","","POST /api/collections/:name creates records","","","passed","","","e03 - DB + Auto API","e03s01 - SQLite-backed auto CRUD collections API",""
"","","In auth.Middleware (~290) add ctx = WithValue(ctx, ctxOrgID, claims.OrgID), and export auth.OrgIDFromContext(ctx)(int64,bool). Add ctxOrgID contextKey.
","","","passed","","","e29 - Security Vulnerability Fixes (2026-06 audit)","e29s02 - Wire org-ID into request context (activate dead multi-tenant isolation)",""
"","","Admin UI: add filter/sort inputs to collection list view","","","passed","","","e30 - Backend for Bots & Integrations","e30s03 - Collections API — filter and sort",""
"","","Write tests for proxy.UnregisterDeploymentHost (0%), proxy.Stop (66%)","","","passed","","","e21 - Testing and Quality Hardening","e21s04 - Coverage gates",""
"","","Add rollback button to deployment detail page","","","passed","","","e44 - Deploy — One-Click Rollback","e44s02 - Admin UI — rollback button and history",""
"","","Org-scoped API keys via X-API-Key header","","","passed","","","e23 - Multi-Tenancy and Organizations","e23s04 - API key management",""
"","","Detect Cargo.toml in repo root","","","passed","","","e81 - Multi-Language Deploy — Rust, PHP, Java, Ruby","e81s01 - Rust runtime support",""
"","","bigbase backup/restore CLI and POST /api/backup, /api/restore","","","passed","","","e20 - Platform Operations","e20s01 - Backup and restore CLI and API",""
"","","Error sentinel regression test — verify ErrRepoNotFound/ErrDeploymentNotFound work with errors.Is","","","passed","","","e81 - Multi-Language Deploy — Rust, PHP, Java, Ruby","e81s06 - Security regression tests — bug registry gaps",""
"","","Register sends verification email; verify-email endpoint","","","passed","","","e19 - Security Hardening","e19s02 - Email verification flow",""
"","","POST /api/auth/refresh with rotation and replay prevention","","","passed","","","e19 - Security Hardening","e19s04 - Refresh token rotation",""
"","","Configure branch protection: PR required, status checks, strict mode, admin exempt","","","passed","","","e55 - DX — Automated PR Code Review via PR-Agent + DeepSeek","e55s04 - Enforce PR-only merges via GitHub branch protection on main",""
"","","Add ?sort=field query param to GET /api/collections/:name — ASC/DESC via prefix","","","passed","","","e30 - Backend for Bots & Integrations","e30s03 - Collections API — filter and sort",""
"","","When deployment status is building, poll GET /api/deployments/:id/logs every 2s and append new lines; stop polling when status transitions to running/failed","","","passed","","","e26 - Site Build Logs UI","e26s02 - Live log streaming during active build",""
"","","git clone via SSH works","","","passed","","","e07 - Git + Commercial Landing Page","e07s01 - Bare git repo management with SSH",""
"","","Integration test — full lifecycle + restart cycle","","","passed","","","e39 - Deploy — Streaming Build Logs & State Machine","e39s02 - Deployment state machine — pending -> building -> deploying -> running/failed",""
"","","Create benchmark for kernel.EventBus Emit/Subscribe with 10k events in tests/bench/bench_eventbus_test.go","","","passed","","","e21 - Testing and Quality Hardening","e21s03 - Performance benchmarks",""
"","","Create contract test for /api/auth/register and /api/auth/login response shapes","","","passed","","","e21 - Testing and Quality Hardening","e21s02 - API contract tests",""
"","","Structured JSON logging via slog","","","passed","","","e14 - Monitoring — Metrics, Logs, Alerts, Health","e14s01 - Health endpoint, structured logs, metrics dashboard",""
"","","In handleUsers (~523): read role via UserRoleFromContext; if != admin return 403 {\""error\"":\""forbidden\""} before querying. When org isolation is live, scope the SELECT to the caller's org.
","","","passed","","","e29 - Security Vulnerability Fixes (2026-06 audit)","e29s04 - Gate GET /api/auth/users on admin role",""
"","","Create benchmark for deploy.DetectAppType, deploy.GetStartCommand in tests/bench/bench_deploy_test.go","","","passed","","","e21 - Testing and Quality Hardening","e21s03 - Performance benchmarks",""
"","","Add DrainTimeout config and defer stopPreviousDeployments","","","passed","","","e45 - Deploy — Zero-Downtime Drain","e45s01 - Graceful connection draining on deployment switchover",""
"","","Add unit test for deterministic FIFO eviction order","","","passed","","","e75 - Deploy Hardening — Log Eviction + Flaky Tests","e75s01 - Deterministic log eviction — replace random map iteration with FIFO",""
"","","Regression: valid non-admin token to GET /api/auth/users returns 403 and no user list; admin token still returns the list.
","","","passed","","","e29 - Security Vulnerability Fixes (2026-06 audit)","e29s04 - Gate GET /api/auth/users on admin role",""
"","","Java CI template in get_ci_template(app_type='java')","","","passed","","","e81 - Multi-Language Deploy — Rust, PHP, Java, Ruby","e81s03 - Java runtime support",""
"","","Add build_log TEXT column to deployments table; on deploy finish (success or fail), write the full log lines as newline-joined string; serve from DB when in-memory log is evicted","","","passed","","","e26 - Site Build Logs UI","e26s03 - Persist build logs to SQLite on completion",""
"","","Create site_request_logs table in SQLite; write one row per proxied HTTP request with site_id, method, path, status, duration_ms, timestamp; auto-prune rows older than 7 days","","","passed","","","e27 - Site Request Logs","e27s01 - Request log schema and storage",""
"","","Confirm go test -race passes for entire project","","","passed","","","e21 - Testing and Quality Hardening","e21s05 - Race detection and fuzz targets",""
"","","Log forwarding — buildHandler extracts NR txn from context for structured logs","","","passed","","","e54 - New Relic Integration — Application and Server Monitoring","e54s02 - Instrument HTTP Proxy Request Tracing",""
"","","Scaffold components/mcp/ — Go module using github.com/modelcontextprotocol/go-sdk (matching github-mcp-server pattern)","","","passed","","","e38 - MCP Server — Agent-Native Platform Education","e38s01 - MCP Server Foundation — stdio + HTTP transport, tools registry",""
"","","Crash-loop trip: status→failed, UnregisterDeploymentHost(host), emit deploy.crash_looped with remediation hint","","","passed","","","e53 - Deploy — Process Supervisor (Runner/Instance seam)","e53s03 - Supervisor restart loop — crash → respawn; crash-loop → failed + de-register + event",""
"","","Add github.com/newrelic/go-agent/v3/newrelic dependency to go.mod","","","passed","","","e54 - New Relic Integration — Application and Server Monitoring","e54s01 - New Relic Go Agent Initialization",""
"","","Serve HTTPS for custom domains with provisioned certs","","","passed","","","e46 - Infra — Custom Domains & Auto SSL","e46s02 - Auto SSL via Let's Encrypt (ACME)",""
"","","Disk, network I/O, load in MetricsCollector","","","passed","","","e25 - Hardware Monitoring","e25s01 - Host metrics collection",""
"","","POST /api/git/repos creates bare repo","","","passed","","","e07 - Git + Commercial Landing Page","e07s01 - Bare git repo management with SSH",""
"","","Workflows execute on git push","","","passed","","","e09 - CI/CD — Pipelines & Workflows","e09s01 - Pipeline/workflow engine with git push triggers",""
"","","Write tests for github.handleConnect (0%), github.mirrorRepository (0%)","","","passed","","","e21 - Testing and Quality Hardening","e21s04 - Coverage gates",""
"","","Add New Relic infrastructure agent install to VPS setup script","","","passed","","","e54 - New Relic Integration — Application and Server Monitoring","e54s04 - VPS Infrastructure Agent + MCP Access",""
"","","Add 'Manifest' tab to SiteDetailPage showing current bigbase.yaml content","","","passed","","","e40 - Deploy — App Manifest (bigbase.yaml)","e40s03 - Admin UI — view and edit bigbase.yaml from site settings",""
"","","Create scripts/health-check.sh that curls /health and validates JSON; verify setup.sh idempotency (run twice)","","","passed","","","e24 - Wire Observability","e24s05 - Idempotent setup scripts",""
"","","Add .github/PULL_REQUEST_TEMPLATE.md aligned with conventional commits","","","passed","","","e55 - DX — Automated PR Code Review via PR-Agent + DeepSeek","e55s02 - Add .pr_agent.toml config tuned for BigBase conventions",""
"","","Install Rust toolchain (rustup + cargo) on Contabo VPS","","","passed","","","e81 - Multi-Language Deploy — Rust, PHP, Java, Ruby","e81s00 - VPS runtime installation — Rust, PHP, Java, Ruby",""
"","","Existing safety-net tests unaffected — runner.go adds interface types only, no Deploy struct modifications","","","passed","","","e53 - Deploy — Process Supervisor (Runner/Instance seam)","e53s01 - Runner/Instance/Spec seam + FakeRunner; existing fleet tests stay green",""
"","","End-to-end onboarding journey verified","","","passed","","","e16 - Developer Onboarding Journey","e16s01 - Onboarding flow: signup → create project → deploy sample",""
"","","components/deploy/state_machine.go — define DeploymentState type + stateMachine with valid transitions","","","passed","","","e39 - Deploy — Streaming Build Logs & State Machine","e39s02 - Deployment state machine — pending -> building -> deploying -> running/failed",""
"","","Add ?filter=field=value query param to GET /api/collections/:name — use json_extract under the hood","","","passed","","","e30 - Backend for Bots & Integrations","e30s03 - Collections API — filter and sort",""
"","","Add server instructions — teach the agent how to use the MCP effectively","","","passed","","","e38 - MCP Server — Agent-Native Platform Education","e38s02 - Platform Knowledge Tools — service catalog, docs, code examples",""
"","","Add helpers signState(state, secret) and verifyState(value, secret) using hmac/SHA256 over the random state, encoding as ""state.hex(mac)"". Reason for depth: HMAC binds the cookie to the server secret so it can't be forged; two tiny funcs, no new type.
","","","passed","","","e29 - Security Vulnerability Fixes (2026-06 audit)","e29s01 - Fix OAuth state CSRF — validate state in Google callback",""
"","","GET /api/cici/runs lists pipeline history","","","passed","","","e09 - CI/CD — Pipelines & Workflows","e09s01 - Pipeline/workflow engine with git push triggers",""
"","","Forgot-password and reset-password with 1-hour token","","","passed","","","e19 - Security Hardening","e19s03 - Password reset flow",""
"","","Create contract test for /api/monitoring/health response shape","","","passed","","","e21 - Testing and Quality Hardening","e21s02 - API contract tests",""
"","","db.Migrate with up/down, version tracking, rollback","","","passed","","","e18 - Multi-DB Support (PostgreSQL)","e18s05 - Versioned migration system",""
"","","bigbase migrate up|down|status with migrations/ directory","","","passed","","","e20 - Platform Operations","e20s02 - Migration tooling CLI",""
"","","Derive cache key from repo + branch + lockfile hash (package-lock.json, yarn.lock, go.sum)","","","passed","","","e42 - Deploy — Build Cache","e42s01 - Cache key derivation and storage",""
"","","Fix TestConnectionDrainTimeout git config safe.directory on macOS","","","passed","","","e75 - Deploy Hardening — Log Eviction + Flaky Tests","e75s02 - Fix three flaky tests in deploy component",""
"","","nextBackoff(attempt) = jitter(min(cap, base*factor^attempt)); base 1s, factor 2, cap 60s; full jitter","","","passed","","","e53 - Deploy — Process Supervisor (Runner/Instance seam)","e53s02 - Restart policy — pure nextBackoff + isCrashLooping (clock-injected)",""
"","","Inject `db` binding — `db.collection(name).create(data)`, `.list()`, `.get(id)`, `.update(id, data)`, `.delete(id)` — reusing api component DBer","","","passed","","","e30 - Backend for Bots & Integrations","e30s01 - Functions Runtime — fetch, db, request context, env, schedule",""
"","","CRUD /api/env with AES-256-GCM at rest and admin UI editor","","","passed","","","e20 - Platform Operations","e20s03 - Environment variable management",""
"","","GET /api/forge/issues lists with filters","","","passed","","","e08 - Forge — Issues, Labels, Kanban, Wiki","e08s01 - Issue tracker with labels, kanban board, wiki",""
"","","In startApp(), capture cmd.Stdout and cmd.Stderr into ring buffers per site; expose last 200 lines via GET /api/sites/:id/runtime-logs; show in SiteDetailPage under a 'Runtime' sub-tab","","","passed","","","e27 - Site Request Logs","e27s04 - Capture stdout/stderr from running sites",""
"","","triggerDeploy builds a Spec and calls Supervisor.Run for both static and process apps","","","passed","","","e53 - Deploy — Process Supervisor (Runner/Instance seam)","e53s04 - Unify boot paths — triggerDeploy and resume both funnel through Supervisor.Run(spec)",""
"","","bigbase.toml profiles for each runtime (build_cmd, run_cmd, port)","","","passed","","","e81 - Multi-Language Deploy — Rust, PHP, Java, Ruby","e81s05 - Deploy profiles & bigbase.toml for new runtimes",""
"","","UI: global Build Cache panel on DeployPage","","","passed","","","e42 - Deploy — Build Cache","e42s02 - Admin UI — cache management",""
"","","Add Organization struct + DB operations (CreateOrg, GetOrg, ListOrgs, UpdateOrg, DeleteOrg) with slug uniqueness and owner validation","","","passed","","","e23 - Multi-Tenancy and Organizations","e23s01 - Organization CRUD",""
"","","Create contract test for /api/deploy GET and POST response shapes","","","passed","","","e21 - Testing and Quality Hardening","e21s02 - API contract tests",""
"","","Add a Delete column to the deployments table in SiteDetailPage.tsx. Each row gets a small ""Delete"" Button (variant=""ghost"", size=""sm"") that is disabled (and shows a tooltip ""Build in progress"") when d.status is pending or building. On click, show an inline confirmation row or window.confirm dialog asking ""Delete deployment from [date]? This cannot be undone."" On confirm, call DELETE /api/deployments/{d.id}, then reload the deployments list. Show a brief error message if the request fails.
","","","passed","","","e28 - Delete Deployment","e28s02 - Delete button with confirmation in SiteDetailPage deployments table",""
"","","Write MCP integration tests","","","skipped","","","e83 - MCP Tools — Site-Scoped Environment Variables","e83s01 - MCP tools for site-scoped env var CRUD",""
"","","go run . serve starts the server","","","passed","","","e01 - CLI — BigBase Breathes","e01s01 - CLI binary with version and help commands",""
"","","Enhance StreamLog component with terminal toolbar and ANSI colors","","","passed","","","e39 - Deploy — Streaming Build Logs & State Machine","e39s03 - Terminal-style live log viewer in admin UI",""
"","","Add POST /api/messaging/telegram endpoint — accepts {chat_id, text, parse_mode} and routes through WebhookProvider","","","passed","","","e30 - Backend for Bots & Integrations","e30s02 - Webhook/Telegram Messaging Provider",""
"","","Create custom_domains table and CRUD API","","","passed","","","e46 - Infra — Custom Domains & Auto SSL","e46s01 - Custom domain mapping and verification",""
"","","Update get_ci_template() to return correct workflow for each app_type","","","passed","","","e81 - Multi-Language Deploy — Rust, PHP, Java, Ruby","e81s05 - Deploy profiles & bigbase.toml for new runtimes",""
"","","Add default org migration for existing users (backfill); wire org routes in main.go proxy registration","","","passed","","","e23 - Multi-Tenancy and Organizations","e23s01 - Organization CRUD",""
"","","Add fuzz target for auth.hashPassword in tests/bench/fuzz_auth_test.go","","","passed","","","e21 - Testing and Quality Hardening","e21s05 - Race detection and fuzz targets",""
"","","GET /api/monitoring/metrics/prometheus — manual text format, export bigbase_* counters/gauges","","","passed","","","e24 - Wire Observability","e24s04 - Prometheus metrics export",""
"","","Inject `fetch(url, options)` into jsRuntime — GET/POST/PUT/DELETE with allowlist and per-request timeout","","","passed","","","e30 - Backend for Bots & Integrations","e30s01 - Functions Runtime — fetch, db, request context, env, schedule",""
"","","Run via bundle exec ruby app.rb or rackup","","","passed","","","e81 - Multi-Language Deploy — Rust, PHP, Java, Ruby","e81s04 - Ruby runtime support",""
"","","GET /api/storage/:id/download serves file","","","passed","","","e06 - Storage + Appwrite Look & Feel","e06s01 - File upload/download/delete with MIME detection",""
"","","CSP, HSTS, X-Frame-Options, X-Content-Type-Options, Referrer-Policy","","","passed","","","e19 - Security Hardening","e19s05 - Security headers middleware",""
"","","Restore cache at build start, save at build end","","","passed","","","e42 - Deploy — Build Cache","e42s01 - Cache key derivation and storage",""
"","","Register webhook and telegram providers in main.go — configurable via CLI flags","","","passed","","","e30 - Backend for Bots & Integrations","e30s02 - Webhook/Telegram Messaging Provider",""
"","","Add fuzz target for deploy.SiteSlug in tests/bench/fuzz_deploy_test.go","","","passed","","","e21 - Testing and Quality Hardening","e21s05 - Race detection and fuzz targets",""
"","","ws:// endpoint subscribes to collection mutations","","","passed","","","e11 - Realtime — WebSocket & Event Broadcast","e11s01 - WebSocket subscriptions with mutation event broadcasting",""
"","","GitHub Actions matrix for SQLite and PostgreSQL","","","passed","","","e18 - Multi-DB Support (PostgreSQL)","e18s04 - Dual-driver CI matrix",""
"","","Write E2E login flow test — register user, login, verify JWT cookie","","","passed","","","e21 - Testing and Quality Hardening","e21s01 - Playwright E2E suite",""
"","","Implement PostgreSQL driver in components/db/postgres.go","","","passed","","","e18 - Multi-DB Support (PostgreSQL)","e18s02 - PostgreSQL driver",""
"","","Create site_env_vars table and CRUD API","","","passed","","","e41 - Deploy — Environment Variables UI","e41s01 - Backend CRUD for site-scoped environment variables",""
"","","Inject newrelic.NewContext into proxy request handler chain","","","passed","","","e54 - New Relic Integration — Application and Server Monitoring","e54s02 - Instrument HTTP Proxy Request Tracing",""
"","","X-Request-ID middleware in proxy: generate via crypto/rand hex, store in context, log as field","","","passed","","","e24 - Wire Observability","e24s02 - Distributed request ID",""
"","","Add 'Domains' tab to SiteDetailPage","","","passed","","","e46 - Infra — Custom Domains & Auto SSL","e46s03 - Admin UI — custom domain management",""
"","","Proxy routing for custom domains — map domain to site deployment","","","passed","","","e46 - Infra — Custom Domains & Auto SSL","e46s01 - Custom domain mapping and verification",""
"","","Add OrgID int64 to the JWT claims struct; set it in createJWT signature and all call sites (login, register-then-login, google callback, refresh). Update verifyJWT to read it. Reason for depth: claims are the existing identity channel — no new lookup path.
","","","passed","","","e29 - Security Vulnerability Fixes (2026-06 audit)","e29s02 - Wire org-ID into request context (activate dead multi-tenant isolation)",""
"","","Inject env vars into build and runtime environments","","","passed","","","e41 - Deploy — Environment Variables UI","e41s01 - Backend CRUD for site-scoped environment variables",""
"","","Wire E2E into preflight as optional lane (npm run test:e2e)","","","passed","","","e21 - Testing and Quality Hardening","e21s01 - Playwright E2E suite",""
"","","Ensure bigbase user can execute all new runtimes","","","passed","","","e81 - Multi-Language Deploy — Rust, PHP, Java, Ruby","e81s00 - VPS runtime installation — Rust, PHP, Java, Ruby",""
"","","/api/sql endpoint for raw queries","","","passed","","","e03 - DB + Auto API","e03s01 - SQLite-backed auto CRUD collections API",""
"","","Serve via php built-in server (php -S 0.0.0.0:$PORT)","","","passed","","","e81 - Multi-Language Deploy — Rust, PHP, Java, Ruby","e81s02 - PHP runtime support",""
"","","Integrate manifest into deploy flow — check bigbase.yaml before falling back to auto-detection","","","passed","","","e40 - Deploy — App Manifest (bigbase.yaml)","e40s01 - Manifest parsing — detect bigbase.yaml in repo root, extract config",""
"","","Explicit Stop(grace) is distinguished from a crash — Supervisor does not respawn after an intentional stop","","","passed","","","e53 - Deploy — Process Supervisor (Runner/Instance seam)","e53s03 - Supervisor restart loop — crash → respawn; crash-loop → failed + de-register + event",""
"","","Anonymous token write block regression test — verify POST/PUT/PATCH/DELETE return 403 for anonymous tokens","","","passed","","","e81 - Multi-Language Deploy — Rust, PHP, Java, Ruby","e81s06 - Security regression tests — bug registry gaps",""
"","","Collection list and record browser","","","passed","","","e05 - Admin UI — Dashboard","e05s01 - SPA admin dashboard with collection browser",""
"","","API-key path: in ResolveAPIKey flow set the resolved key's org_id into the same JWT-claims/context channel so programmatic access is equally scoped.
","","","passed","","","e29 - Security Vulnerability Fixes (2026-06 audit)","e29s02 - Wire org-ID into request context (activate dead multi-tenant isolation)",""
"","","Step-by-step tutorial on admin UI","","","passed","","","e22 - Developer Experience","e22s05 - Interactive tutorial overlay",""
"","","GET /api/collections/:name lists records","","","passed","","","e03 - DB + Auto API","e03s01 - SQLite-backed auto CRUD collections API",""
"","","isCrashLooping(history, now) — N=5 restarts within window T=60s → true; named constants exposed as flags (no magic numbers)","","","passed","","","e53 - Deploy — Process Supervisor (Runner/Instance seam)","e53s02 - Restart policy — pure nextBackoff + isCrashLooping (clock-injected)",""
"","","Wire the streaming endpoint into the deployment lifecycle — start buffering logs at building state","","","passed","","","e39 - Deploy — Streaming Build Logs & State Machine","e39s01 - Real-time log streaming — WebSocket endpoint for build logs",""
"","","GET /api/ping returns status and version","","","passed","","","e02 - Proxy + Landing Page","e02s01 - HTTP proxy with routing and landing page",""
"","","GET / renders landing page","","","passed","","","e02 - Proxy + Landing Page","e02s01 - HTTP proxy with routing and landing page",""
"","","In handleGoogleCallback (~616): read query state and the oauth_state cookie; if cookie missing OR verifyState fails OR decoded state != query state, return 400 {\""error\"":\""invalid state\""} BEFORE calling verifier.Verify.
","","","passed","","","e29 - Security Vulnerability Fixes (2026-06 audit)","e29s01 - Fix OAuth state CSRF — validate state in Google callback",""
"","","Run compiled binary from target/release/","","","passed","","","e81 - Multi-Language Deploy — Rust, PHP, Java, Ruby","e81s01 - Rust runtime support",""
"","","TransitionState() method — validated transition + DB persistence + lenient mode","","","passed","","","e39 - Deploy — Streaming Build Logs & State Machine","e39s02 - Deployment state machine — pending -> building -> deploying -> running/failed",""
"","","Register get_deploy_logs tool — stream or fetch build logs","","","passed","","","e38 - MCP Server — Agent-Native Platform Education","e38s03 - Deploy Workflow Tools — repo listing, deploy trigger, status, logs",""
"","","Install OpenJDK 21 + Maven on Contabo VPS","","","passed","","","e81 - Multi-Language Deploy — Rust, PHP, Java, Ruby","e81s00 - VPS runtime installation — Rust, PHP, Java, Ruby",""
"","","Register get_deploy_status tool — check deployment status and details","","","passed","","","e38 - MCP Server — Agent-Native Platform Education","e38s03 - Deploy Workflow Tools — repo listing, deploy trigger, status, logs",""
"","","Add SiteEnvVarManager interface and adapter","","","skipped","","","e83 - MCP Tools — Site-Scoped Environment Variables","e83s01 - MCP tools for site-scoped env var CRUD",""
"","","Add build/ check in resumeCandidates for SvelteKit static resume","","","passed","","","e37 - SvelteKit Deployment — static (adapter-static) & SSR (adapter-node)","e37s01 - SvelteKit static and SSR deployment from git repos",""
"","","components/deploy/runner.go — Spec struct (DeployID, Host, Port, Dir, AppType, Env, StartCmd); Instance interface (Wait/Stop/Health); Runner interface (Spawn); Clock interface (Now/Sleep)","","","passed","","","e53 - Deploy — Process Supervisor (Runner/Instance seam)","e53s01 - Runner/Instance/Spec seam + FakeRunner; existing fleet tests stay green",""
"","","Implement WebhookProvider — POST JSON payload to a configured URL, respecting Provider interface","","","passed","","","e30 - Backend for Bots & Integrations","e30s02 - Webhook/Telegram Messaging Provider",""
"","","Add 'Environment Variables' tab to SiteDetailPage","","","passed","","","e41 - Deploy — Environment Variables UI","e41s02 - Admin UI — environment variables management page",""
"","","Add ?filter= operator support: eq (default), gt, gte, lt, lte, ne, like","","","passed","","","e30 - Backend for Bots & Integrations","e30s03 - Collections API — filter and sort",""
"","","POST /api/auth/register creates user and returns JWT","","","passed","","","e04 - Auth — Register, Login, JWT","e04s01 - Email/password register and login with JWT",""
"","","Admin UI: add draining/stopped to status timeline","","","passed","","","e45 - Deploy — Zero-Downtime Drain","e45s02 - Proxy integration — smooth traffic migration",""
"","","components/deploy/supervisor_fakes_test.go (package deploy) — FakeInstance(waitErr error, stopCh); FakeRunner(queue []*FakeInstance) Spawn pops next; FakeClock(Sleeps []time.Duration); TestFakeRunnerSpawnsScriptedInstances drives [crash,crash,ok] sequence","","","passed","","","e53 - Deploy — Process Supervisor (Runner/Instance seam)","e53s01 - Runner/Instance/Spec seam + FakeRunner; existing fleet tests stay green",""
"","","POST /api/forge/issues creates issue","","","passed","","","e08 - Forge — Issues, Labels, Kanban, Wiki","e08s01 - Issue tracker with labels, kanban board, wiki",""
"","","Emit deploy.state_changed events on kernel event bus","","","passed","","","e39 - Deploy — Streaming Build Logs & State Machine","e39s02 - Deployment state machine — pending -> building -> deploying -> running/failed",""
"","","POST /api/deploy creates deployment from repo","","","passed","","","e13 - Deploy — Build & Run Web Apps","e13s01 - Web app build and deployment from git repos",""
"","","Build with bundle install --deployment","","","passed","","","e81 - Multi-Language Deploy — Rust, PHP, Java, Ruby","e81s04 - Ruby runtime support",""
"","","Wire NRApp from main.go into proxy component config","","","passed","","","e54 - New Relic Integration — Application and Server Monitoring","e54s02 - Instrument HTTP Proxy Request Tracing",""
"","","Restart BigBase service so exec.LookPath() finds new binaries","","","passed","","","e81 - Multi-Language Deploy — Rust, PHP, Java, Ruby","e81s00 - VPS runtime installation — Rust, PHP, Java, Ruby",""
"","","Integrate ACME client for automatic certificate provisioning","","","passed","","","e46 - Infra — Custom Domains & Auto SSL","e46s02 - Auto SSL via Let's Encrypt (ACME)",""
"","","Regression guard — existing dist/ detection still works","","","passed","","","e37 - SvelteKit Deployment — static (adapter-static) & SSR (adapter-node)","e37s01 - SvelteKit static and SSR deployment from git repos",""
"","","Create .github/workflows/pr-review.yaml with DeepSeek API","","","passed","","","e55 - DX — Automated PR Code Review via PR-Agent + DeepSeek","e55s01 - Add PR-Agent GitHub Action workflow with DeepSeek",""
"","","Supervisor.supervise: Spawn → register host → Wait → backoff → re-Spawn, driven by FakeRunner + FakeClock","","","passed","","","e53 - Deploy — Process Supervisor (Runner/Instance seam)","e53s03 - Supervisor restart loop — crash → respawn; crash-loop → failed + de-register + event",""
"","","Pass request context (body, headers, query, method) into functions with trigger=http when invoked via POST /api/functions/:id/run","","","passed","","","e30 - Backend for Bots & Integrations","e30s01 - Functions Runtime — fetch, db, request context, env, schedule",""
"","","Add build/ check after dist/ in runDeployment post-build block (AppNode → AppStatic switch)","","","passed","","","e37 - SvelteKit Deployment — static (adapter-static) & SSR (adapter-node)","e37s01 - SvelteKit static and SSR deployment from git repos",""
"","","Fix TestRedeployReplacesPrevious concurrent test interference","","","passed","","","e75 - Deploy Hardening — Log Eviction + Flaky Tests","e75s02 - Fix three flaky tests in deploy component",""
"","","Write tests for git.deleteRepo (0%), git.handlePush (0%)","","","passed","","","e21 - Testing and Quality Hardening","e21s04 - Coverage gates",""
"","","Invite by email with roles and accept-invite flow","","","passed","","","e23 - Multi-Tenancy and Organizations","e23s02 - Team membership and invitations",""
"","","Create contract test for /api/sites GET and POST response shapes","","","passed","","","e21 - Testing and Quality Hardening","e21s02 - API contract tests",""
"","","Add orgs table migration in auth.Start() — CREATE TABLE IF NOT EXISTS orgs (id, name, slug UNIQUE, owner_id, created_at, updated_at); add default_org_id column to users; auto-create personal org on register","","","passed","","","e23 - Multi-Tenancy and Organizations","e23s01 - Organization CRUD",""
"","","Pin to pragent/pr-agent:0.36.0-github_action for stability","","","passed","","","e55 - DX — Automated PR Code Review via PR-Agent + DeepSeek","e55s01 - Add PR-Agent GitHub Action workflow with DeepSeek",""
"","","Add DELETE handler in handleDeployByID: look up deployment by id (404 if missing); if status is pending or building return 409 (build in progress — caller should redeploy instead of delete); if running, kill process via d.processes map (SIGTERM) or deregister the static host from DeploymentHostRegistry; delete build directory from d.buildsDir/<id>/; evict in-memory deploy logs via d.deleteDeployLogs(id); execute DELETE FROM deployments WHERE id = ?; return 204 No Content. Guard: if the deployment is the only running deploy for its repo_id, still allow deletion (the site will show ""no deployment"" rather than silently break).
","","","passed","","","e28 - Delete Deployment","e28s01 - Backend DELETE /api/deployments/:id",""
"","","Defense-in-depth in handleSQL (~455): if role from context != admin, return 403 before parsing the query. (api reads role via the bridge-injected value or an exported accessor; do NOT trust client.)
","","","passed","","","e29 - Security Vulnerability Fixes (2026-06 audit)","e29s03 - Restrict /api/sql to admin and scope to caller's org",""
"","","GET /api/monitoring/events SSE and","","","passed","","","e22 - Developer Experience","e22s03 - Event Bus visualizer",""
"","","Add bigbase init command that detects framework and writes bigbase.yaml","","","passed","","","e40 - Deploy — App Manifest (bigbase.yaml)","e40s02 - bigbase init CLI — generate default manifest for detected framework",""
"","","Apply segments in ExecContext, QueryContext, QueryRowContext","","","passed","","","e54 - New Relic Integration — Application and Server Monitoring","e54s03 - Instrument Database Segment Tracing",""
"","","Write tests for deploy.buildApp (44%), deploy.cloneAndCheckout (54%), deploy.appendDeployLogBlock (0%), deploy.deleteDeployLogs (0%)","","","passed","","","e21 - Testing and Quality Hardening","e21s04 - Coverage gates",""
"","","GET /health returns component status","","","passed","","","e14 - Monitoring — Metrics, Logs, Alerts, Health","e14s01 - Health endpoint, structured logs, metrics dashboard",""
"","","Add --log-level flag to serve command (debug|info|warn|error) and wire into slog.JSONHandler level","","","passed","","","e24 - Wire Observability","e24s01 - Standardize structured logging",""
"","","Write E2E smoke test — server health check returns 200","","","passed","","","e21 - Testing and Quality Hardening","e21s01 - Playwright E2E suite",""
"","","Add WebSocket streaming support to useBuildLogs hook","","","passed","","","e39 - Deploy — Streaming Build Logs & State Machine","e39s03 - Terminal-style live log viewer in admin UI",""
